FID,TileID,XMin,XMax,YMin,Ymax
0,9402,-98,-96,14,16
1,9403,-96,-94,14,16
2,9404,-94,-92,14,16
3,9405,-92,-90,14,16
4,9579,-104,-102,16,18
5,9580,-102,-100,16,18
6,9581,-100,-98,16,18
7,9582,-98,-96,16,18
8,9583,-96,-94,16,18
9,9584,-94,-92,16,18
10,9585,-92,-90,16,18
11,9586,-90,-88,16,18
12,9597,-68,-66,16,18
13,9598,-66,-64,16,18
14,9732,-158,-156,18,20
15,9733,-156,-154,18,20
16,9758,-106,-104,18,20
17,9759,-104,-102,18,20
18,9760,-102,-100,18,20
19,9761,-100,-98,18,20
20,9762,-98,-96,18,20
21,9763,-96,-94,18,20
22,9764,-94,-92,18,20
23,9765,-92,-90,18,20
24,9766,-90,-88,18,20
25,9767,-88,-86,18,20
26,9777,-68,-66,18,20
27,9778,-66,-64,18,20
28,9910,-162,-160,20,22
29,9911,-160,-158,20,22
30,9912,-158,-156,20,22
31,9913,-156,-154,20,22
32,9937,-108,-106,20,22
33,9938,-106,-104,20,22
34,9939,-104,-102,20,22
35,9940,-102,-100,20,22
36,9941,-100,-98,20,22
37,9942,-98,-96,20,22
38,9944,-94,-92,20,22
39,9945,-92,-90,20,22
40,9946,-90,-88,20,22
41,9947,-88,-86,20,22
42,10090,-162,-160,22,24
43,10091,-160,-158,22,24
44,10115,-112,-110,22,24
45,10116,-110,-108,22,24
46,10117,-108,-106,22,24
47,10118,-106,-104,22,24
48,10119,-104,-102,22,24
49,10120,-102,-100,22,24
50,10121,-100,-98,22,24
51,10122,-98,-96,22,24
52,10125,-92,-90,22,24
53,10126,-90,-88,22,24
54,10294,-114,-112,24,26
55,10295,-112,-110,24,26
56,10296,-110,-108,24,26
57,10297,-108,-106,24,26
58,10298,-106,-104,24,26
59,10299,-104,-102,24,26
60,10300,-102,-100,24,26
61,10301,-100,-98,24,26
62,10302,-98,-96,24,26
63,10309,-84,-82,24,26
64,10310,-82,-80,24,26
65,10473,-116,-114,26,28
66,10474,-114,-112,26,28
67,10475,-112,-110,26,28
68,10476,-110,-108,26,28
69,10477,-108,-106,26,28
70,10478,-106,-104,26,28
71,10479,-104,-102,26,28
72,10480,-102,-100,26,28
73,10481,-100,-98,26,28
74,10482,-98,-96,26,28
75,10489,-84,-82,26,28
76,10490,-82,-80,26,28
77,10653,-116,-114,28,30
78,10654,-114,-112,28,30
79,10655,-112,-110,28,30
80,10656,-110,-108,28,30
81,10657,-108,-106,28,30
82,10658,-106,-104,28,30
83,10659,-104,-102,28,30
84,10660,-102,-100,28,30
85,10661,-100,-98,28,30
86,10662,-98,-96,28,30
87,10663,-96,-94,28,30
88,10664,-94,-92,28,30
89,10665,-92,-90,28,30
90,10666,-90,-88,28,30
91,10668,-86,-84,28,30
92,10669,-84,-82,28,30
93,10670,-82,-80,28,30
94,10832,-118,-116,30,32
95,10833,-116,-114,30,32
96,10834,-114,-112,30,32
97,10835,-112,-110,30,32
98,10836,-110,-108,30,32
99,10837,-108,-106,30,32
100,10838,-106,-104,30,32
101,10839,-104,-102,30,32
102,10840,-102,-100,30,32
103,10841,-100,-98,30,32
104,10842,-98,-96,30,32
105,10843,-96,-94,30,32
106,10844,-94,-92,30,32
107,10845,-92,-90,30,32
108,10846,-90,-88,30,32
109,10847,-88,-86,30,32
110,10848,-86,-84,30,32
111,10849,-84,-82,30,32
112,10850,-82,-80,30,32
113,11010,-122,-120,32,34
114,11011,-120,-118,32,34
115,11012,-118,-116,32,34
116,11013,-116,-114,32,34
117,11014,-114,-112,32,34
118,11015,-112,-110,32,34
119,11016,-110,-108,32,34
120,11017,-108,-106,32,34
121,11018,-106,-104,32,34
122,11019,-104,-102,32,34
123,11020,-102,-100,32,34
124,11021,-100,-98,32,34
125,11022,-98,-96,32,34
126,11023,-96,-94,32,34
127,11024,-94,-92,32,34
128,11025,-92,-90,32,34
129,11026,-90,-88,32,34
130,11027,-88,-86,32,34
131,11028,-86,-84,32,34
132,11029,-84,-82,32,34
133,11030,-82,-80,32,34
134,11031,-80,-78,32,34
135,11032,-78,-76,32,34
136,11190,-122,-120,34,36
137,11191,-120,-118,34,36
138,11192,-118,-116,34,36
139,11193,-116,-114,34,36
140,11194,-114,-112,34,36
141,11195,-112,-110,34,36
142,11196,-110,-108,34,36
143,11197,-108,-106,34,36
144,11198,-106,-104,34,36
145,11199,-104,-102,34,36
146,11200,-102,-100,34,36
147,11201,-100,-98,34,36
148,11202,-98,-96,34,36
149,11203,-96,-94,34,36
150,11204,-94,-92,34,36
151,11205,-92,-90,34,36
152,11206,-90,-88,34,36
153,11207,-88,-86,34,36
154,11208,-86,-84,34,36
155,11209,-84,-82,34,36
156,11210,-82,-80,34,36
157,11211,-80,-78,34,36
158,11212,-78,-76,34,36
159,11213,-76,-74,34,36
160,11369,-124,-122,36,38
161,11370,-122,-120,36,38
162,11371,-120,-118,36,38
163,11372,-118,-116,36,38
164,11373,-116,-114,36,38
165,11374,-114,-112,36,38
166,11375,-112,-110,36,38
167,11376,-110,-108,36,38
168,11377,-108,-106,36,38
169,11378,-106,-104,36,38
170,11379,-104,-102,36,38
171,11380,-102,-100,36,38
172,11381,-100,-98,36,38
173,11382,-98,-96,36,38
174,11383,-96,-94,36,38
175,11384,-94,-92,36,38
176,11385,-92,-90,36,38
177,11386,-90,-88,36,38
178,11387,-88,-86,36,38
179,11388,-86,-84,36,38
180,11389,-84,-82,36,38
181,11390,-82,-80,36,38
182,11391,-80,-78,36,38
183,11392,-78,-76,36,38
184,11393,-76,-74,36,38
185,11548,-126,-124,38,40
186,11549,-124,-122,38,40
187,11550,-122,-120,38,40
188,11551,-120,-118,38,40
189,11552,-118,-116,38,40
190,11553,-116,-114,38,40
191,11554,-114,-112,38,40
192,11555,-112,-110,38,40
193,11556,-110,-108,38,40
194,11557,-108,-106,38,40
195,11558,-106,-104,38,40
196,11559,-104,-102,38,40
197,11560,-102,-100,38,40
198,11561,-100,-98,38,40
199,11562,-98,-96,38,40
200,11563,-96,-94,38,40
201,11564,-94,-92,38,40
202,11565,-92,-90,38,40
203,11566,-90,-88,38,40
204,11567,-88,-86,38,40
205,11568,-86,-84,38,40
206,11569,-84,-82,38,40
207,11570,-82,-80,38,40
208,11571,-80,-78,38,40
209,11572,-78,-76,38,40
210,11573,-76,-74,38,40
211,11728,-126,-124,40,42
212,11729,-124,-122,40,42
213,11730,-122,-120,40,42
214,11731,-120,-118,40,42
215,11732,-118,-116,40,42
216,11733,-116,-114,40,42
217,11734,-114,-112,40,42
218,11735,-112,-110,40,42
219,11736,-110,-108,40,42
220,11737,-108,-106,40,42
221,11738,-106,-104,40,42
222,11739,-104,-102,40,42
223,11740,-102,-100,40,42
224,11741,-100,-98,40,42
225,11742,-98,-96,40,42
226,11743,-96,-94,40,42
227,11744,-94,-92,40,42
228,11745,-92,-90,40,42
229,11746,-90,-88,40,42
230,11747,-88,-86,40,42
231,11748,-86,-84,40,42
232,11749,-84,-82,40,42
233,11750,-82,-80,40,42
234,11751,-80,-78,40,42
235,11752,-78,-76,40,42
236,11753,-76,-74,40,42
237,11754,-74,-72,40,42
238,11755,-72,-70,40,42
239,11756,-70,-68,40,42
240,11908,-126,-124,42,44
241,11909,-124,-122,42,44
242,11910,-122,-120,42,44
243,11911,-120,-118,42,44
244,11912,-118,-116,42,44
245,11913,-116,-114,42,44
246,11914,-114,-112,42,44
247,11915,-112,-110,42,44
248,11916,-110,-108,42,44
249,11917,-108,-106,42,44
250,11918,-106,-104,42,44
251,11919,-104,-102,42,44
252,11920,-102,-100,42,44
253,11921,-100,-98,42,44
254,11922,-98,-96,42,44
255,11923,-96,-94,42,44
256,11924,-94,-92,42,44
257,11925,-92,-90,42,44
258,11926,-90,-88,42,44
259,11927,-88,-86,42,44
260,11928,-86,-84,42,44
261,11929,-84,-82,42,44
262,11930,-82,-80,42,44
263,11931,-80,-78,42,44
264,11932,-78,-76,42,44
265,11933,-76,-74,42,44
266,11934,-74,-72,42,44
267,11935,-72,-70,42,44
268,11936,-70,-68,42,44
269,11937,-68,-66,42,44
270,11938,-66,-64,42,44
271,11940,-62,-60,42,44
272,11941,-60,-58,42,44
273,12088,-126,-124,44,46
274,12089,-124,-122,44,46
275,12090,-122,-120,44,46
276,12091,-120,-118,44,46
277,12092,-118,-116,44,46
278,12093,-116,-114,44,46
279,12094,-114,-112,44,46
280,12095,-112,-110,44,46
281,12096,-110,-108,44,46
282,12097,-108,-106,44,46
283,12098,-106,-104,44,46
284,12099,-104,-102,44,46
285,12100,-102,-100,44,46
286,12101,-100,-98,44,46
287,12102,-98,-96,44,46
288,12103,-96,-94,44,46
289,12104,-94,-92,44,46
290,12105,-92,-90,44,46
291,12106,-90,-88,44,46
292,12107,-88,-86,44,46
293,12108,-86,-84,44,46
294,12109,-84,-82,44,46
295,12110,-82,-80,44,46
296,12111,-80,-78,44,46
297,12112,-78,-76,44,46
298,12113,-76,-74,44,46
299,12114,-74,-72,44,46
300,12115,-72,-70,44,46
301,12116,-70,-68,44,46
302,12117,-68,-66,44,46
303,12118,-66,-64,44,46
304,12119,-64,-62,44,46
305,12120,-62,-60,44,46
306,12121,-60,-58,44,46
307,12268,-126,-124,46,48
308,12269,-124,-122,46,48
309,12270,-122,-120,46,48
310,12271,-120,-118,46,48
311,12272,-118,-116,46,48
312,12273,-116,-114,46,48
313,12274,-114,-112,46,48
314,12275,-112,-110,46,48
315,12276,-110,-108,46,48
316,12277,-108,-106,46,48
317,12278,-106,-104,46,48
318,12279,-104,-102,46,48
319,12280,-102,-100,46,48
320,12281,-100,-98,46,48
321,12282,-98,-96,46,48
322,12283,-96,-94,46,48
323,12284,-94,-92,46,48
324,12285,-92,-90,46,48
325,12286,-90,-88,46,48
326,12287,-88,-86,46,48
327,12288,-86,-84,46,48
328,12289,-84,-82,46,48
329,12290,-82,-80,46,48
330,12291,-80,-78,46,48
331,12292,-78,-76,46,48
332,12293,-76,-74,46,48
333,12294,-74,-72,46,48
334,12295,-72,-70,46,48
335,12296,-70,-68,46,48
336,12297,-68,-66,46,48
337,12298,-66,-64,46,48
338,12299,-64,-62,46,48
339,12300,-62,-60,46,48
340,12301,-60,-58,46,48
341,12302,-58,-56,46,48
342,12303,-56,-54,46,48
343,12304,-54,-52,46,48
344,12447,-128,-126,48,50
345,12448,-126,-124,48,50
346,12449,-124,-122,48,50
347,12450,-122,-120,48,50
348,12451,-120,-118,48,50
349,12452,-118,-116,48,50
350,12453,-116,-114,48,50
351,12454,-114,-112,48,50
352,12455,-112,-110,48,50
353,12456,-110,-108,48,50
354,12457,-108,-106,48,50
355,12458,-106,-104,48,50
356,12459,-104,-102,48,50
357,12460,-102,-100,48,50
358,12461,-100,-98,48,50
359,12462,-98,-96,48,50
360,12463,-96,-94,48,50
361,12464,-94,-92,48,50
362,12465,-92,-90,48,50
363,12466,-90,-88,48,50
364,12467,-88,-86,48,50
365,12468,-86,-84,48,50
366,12469,-84,-82,48,50
367,12470,-82,-80,48,50
368,12471,-80,-78,48,50
369,12472,-78,-76,48,50
370,12473,-76,-74,48,50
371,12474,-74,-72,48,50
372,12475,-72,-70,48,50
373,12476,-70,-68,48,50
374,12477,-68,-66,48,50
375,12478,-66,-64,48,50
376,12479,-64,-62,48,50
377,12480,-62,-60,48,50
378,12481,-60,-58,48,50
379,12482,-58,-56,48,50
380,12483,-56,-54,48,50
381,12484,-54,-52,48,50
382,12601,-180,-178,50,52
383,12602,-178,-176,50,52
384,12603,-176,-174,50,52
385,12625,-132,-130,50,52
386,12626,-130,-128,50,52
387,12627,-128,-126,50,52
388,12628,-126,-124,50,52
389,12629,-124,-122,50,52
390,12630,-122,-120,50,52
391,12631,-120,-118,50,52
392,12632,-118,-116,50,52
393,12633,-116,-114,50,52
394,12634,-114,-112,50,52
395,12635,-112,-110,50,52
396,12636,-110,-108,50,52
397,12637,-108,-106,50,52
398,12638,-106,-104,50,52
399,12639,-104,-102,50,52
400,12640,-102,-100,50,52
401,12641,-100,-98,50,52
402,12642,-98,-96,50,52
403,12643,-96,-94,50,52
404,12644,-94,-92,50,52
405,12645,-92,-90,50,52
406,12646,-90,-88,50,52
407,12647,-88,-86,50,52
408,12648,-86,-84,50,52
409,12649,-84,-82,50,52
410,12650,-82,-80,50,52
411,12651,-80,-78,50,52
412,12652,-78,-76,50,52
413,12653,-76,-74,50,52
414,12654,-74,-72,50,52
415,12655,-72,-70,50,52
416,12656,-70,-68,50,52
417,12657,-68,-66,50,52
418,12658,-66,-64,50,52
419,12659,-64,-62,50,52
420,12660,-62,-60,50,52
421,12661,-60,-58,50,52
422,12662,-58,-56,50,52
423,12663,-56,-54,50,52
424,12664,-54,-52,50,52
425,12782,-178,-176,52,54
426,12783,-176,-174,52,54
427,12784,-174,-172,52,54
428,12785,-172,-170,52,54
429,12786,-170,-168,52,54
430,12787,-168,-166,52,54
431,12804,-134,-132,52,54
432,12805,-132,-130,52,54
433,12806,-130,-128,52,54
434,12807,-128,-126,52,54
435,12808,-126,-124,52,54
436,12809,-124,-122,52,54
437,12810,-122,-120,52,54
438,12811,-120,-118,52,54
439,12812,-118,-116,52,54
440,12813,-116,-114,52,54
441,12814,-114,-112,52,54
442,12815,-112,-110,52,54
443,12816,-110,-108,52,54
444,12817,-108,-106,52,54
445,12818,-106,-104,52,54
446,12819,-104,-102,52,54
447,12820,-102,-100,52,54
448,12821,-100,-98,52,54
449,12822,-98,-96,52,54
450,12823,-96,-94,52,54
451,12824,-94,-92,52,54
452,12825,-92,-90,52,54
453,12826,-90,-88,52,54
454,12827,-88,-86,52,54
455,12828,-86,-84,52,54
456,12829,-84,-82,52,54
457,12830,-82,-80,52,54
458,12831,-80,-78,52,54
459,12832,-78,-76,52,54
460,12833,-76,-74,52,54
461,12834,-74,-72,52,54
462,12835,-72,-70,52,54
463,12836,-70,-68,52,54
464,12837,-68,-66,52,54
465,12838,-66,-64,52,54
466,12839,-64,-62,52,54
467,12840,-62,-60,52,54
468,12841,-60,-58,52,54
469,12842,-58,-56,52,54
470,12843,-56,-54,52,54
471,12967,-168,-166,54,56
472,12968,-166,-164,54,56
473,12969,-164,-162,54,56
474,12970,-162,-160,54,56
475,12971,-160,-158,54,56
476,12972,-158,-156,54,56
477,12973,-156,-154,54,56
478,12983,-136,-134,54,56
479,12984,-134,-132,54,56
480,12985,-132,-130,54,56
481,12986,-130,-128,54,56
482,12987,-128,-126,54,56
483,12988,-126,-124,54,56
484,12989,-124,-122,54,56
485,12990,-122,-120,54,56
486,12991,-120,-118,54,56
487,12992,-118,-116,54,56
488,12993,-116,-114,54,56
489,12994,-114,-112,54,56
490,12995,-112,-110,54,56
491,12996,-110,-108,54,56
492,12997,-108,-106,54,56
493,12998,-106,-104,54,56
494,12999,-104,-102,54,56
495,13000,-102,-100,54,56
496,13001,-100,-98,54,56
497,13002,-98,-96,54,56
498,13003,-96,-94,54,56
499,13004,-94,-92,54,56
500,13005,-92,-90,54,56
501,13006,-90,-88,54,56
502,13007,-88,-86,54,56
503,13008,-86,-84,54,56
504,13009,-84,-82,54,56
505,13010,-82,-80,54,56
506,13011,-80,-78,54,56
507,13012,-78,-76,54,56
508,13013,-76,-74,54,56
509,13014,-74,-72,54,56
510,13015,-72,-70,54,56
511,13016,-70,-68,54,56
512,13017,-68,-66,54,56
513,13018,-66,-64,54,56
514,13019,-64,-62,54,56
515,13020,-62,-60,54,56
516,13021,-60,-58,54,56
517,13022,-58,-56,54,56
518,13145,-172,-170,56,58
519,13146,-170,-168,56,58
520,13150,-162,-160,56,58
521,13151,-160,-158,56,58
522,13152,-158,-156,56,58
523,13153,-156,-154,56,58
524,13154,-154,-152,56,58
525,13155,-152,-150,56,58
526,13162,-138,-136,56,58
527,13163,-136,-134,56,58
528,13164,-134,-132,56,58
529,13165,-132,-130,56,58
530,13166,-130,-128,56,58
531,13167,-128,-126,56,58
532,13168,-126,-124,56,58
533,13169,-124,-122,56,58
534,13170,-122,-120,56,58
535,13171,-120,-118,56,58
536,13172,-118,-116,56,58
537,13173,-116,-114,56,58
538,13174,-114,-112,56,58
539,13175,-112,-110,56,58
540,13176,-110,-108,56,58
541,13177,-108,-106,56,58
542,13178,-106,-104,56,58
543,13179,-104,-102,56,58
544,13180,-102,-100,56,58
545,13181,-100,-98,56,58
546,13182,-98,-96,56,58
547,13183,-96,-94,56,58
548,13184,-94,-92,56,58
549,13185,-92,-90,56,58
550,13186,-90,-88,56,58
551,13187,-88,-86,56,58
552,13190,-82,-80,56,58
553,13191,-80,-78,56,58
554,13192,-78,-76,56,58
555,13193,-76,-74,56,58
556,13194,-74,-72,56,58
557,13195,-72,-70,56,58
558,13196,-70,-68,56,58
559,13197,-68,-66,56,58
560,13198,-66,-64,56,58
561,13199,-64,-62,56,58
562,13200,-62,-60,56,58
563,13327,-168,-166,58,60
564,13328,-166,-164,58,60
565,13329,-164,-162,58,60
566,13330,-162,-160,58,60
567,13331,-160,-158,58,60
568,13332,-158,-156,58,60
569,13333,-156,-154,58,60
570,13334,-154,-152,58,60
571,13335,-152,-150,58,60
572,13336,-150,-148,58,60
573,13337,-148,-146,58,60
574,13338,-146,-144,58,60
575,13339,-144,-142,58,60
576,13340,-142,-140,58,60
577,13341,-140,-138,58,60
578,13342,-138,-136,58,60
579,13343,-136,-134,58,60
580,13344,-134,-132,58,60
581,13345,-132,-130,58,60
582,13346,-130,-128,58,60
583,13347,-128,-126,58,60
584,13348,-126,-124,58,60
585,13349,-124,-122,58,60
586,13350,-122,-120,58,60
587,13351,-120,-118,58,60
588,13352,-118,-116,58,60
589,13353,-116,-114,58,60
590,13354,-114,-112,58,60
591,13355,-112,-110,58,60
592,13356,-110,-108,58,60
593,13357,-108,-106,58,60
594,13358,-106,-104,58,60
595,13359,-104,-102,58,60
596,13360,-102,-100,58,60
597,13361,-100,-98,58,60
598,13362,-98,-96,58,60
599,13363,-96,-94,58,60
600,13364,-94,-92,58,60
601,13370,-82,-80,58,60
602,13371,-80,-78,58,60
603,13372,-78,-76,58,60
604,13373,-76,-74,58,60
605,13374,-74,-72,58,60
606,13375,-72,-70,58,60
607,13376,-70,-68,58,60
608,13377,-68,-66,58,60
609,13378,-66,-64,58,60
610,13379,-64,-62,58,60
611,13504,-174,-172,60,62
612,13507,-168,-166,60,62
613,13508,-166,-164,60,62
614,13509,-164,-162,60,62
615,13510,-162,-160,60,62
616,13511,-160,-158,60,62
617,13512,-158,-156,60,62
618,13513,-156,-154,60,62
619,13514,-154,-152,60,62
620,13515,-152,-150,60,62
621,13516,-150,-148,60,62
622,13517,-148,-146,60,62
623,13518,-146,-144,60,62
624,13519,-144,-142,60,62
625,13520,-142,-140,60,62
626,13521,-140,-138,60,62
627,13522,-138,-136,60,62
628,13523,-136,-134,60,62
629,13524,-134,-132,60,62
630,13525,-132,-130,60,62
631,13526,-130,-128,60,62
632,13527,-128,-126,60,62
633,13528,-126,-124,60,62
634,13529,-124,-122,60,62
635,13530,-122,-120,60,62
636,13531,-120,-118,60,62
637,13532,-118,-116,60,62
638,13533,-116,-114,60,62
639,13534,-114,-112,60,62
640,13535,-112,-110,60,62
641,13536,-110,-108,60,62
642,13537,-108,-106,60,62
643,13538,-106,-104,60,62
644,13539,-104,-102,60,62
645,13540,-102,-100,60,62
646,13541,-100,-98,60,62
647,13542,-98,-96,60,62
648,13543,-96,-94,60,62
649,13544,-94,-92,60,62
650,13550,-82,-80,60,62
651,13551,-80,-78,60,62
652,13552,-78,-76,60,62
653,13553,-76,-74,60,62
654,13554,-74,-72,60,62
655,13555,-72,-70,60,62
656,13556,-70,-68,60,62
657,13557,-68,-66,60,62
658,13558,-66,-64,60,62
659,13559,-64,-62,60,62
660,13685,-172,-170,62,64
661,13686,-170,-168,62,64
662,13687,-168,-166,62,64
663,13688,-166,-164,62,64
664,13689,-164,-162,62,64
665,13690,-162,-160,62,64
666,13691,-160,-158,62,64
667,13692,-158,-156,62,64
668,13693,-156,-154,62,64
669,13694,-154,-152,62,64
670,13695,-152,-150,62,64
671,13696,-150,-148,62,64
672,13697,-148,-146,62,64
673,13698,-146,-144,62,64
674,13699,-144,-142,62,64
675,13700,-142,-140,62,64
676,13701,-140,-138,62,64
677,13702,-138,-136,62,64
678,13703,-136,-134,62,64
679,13704,-134,-132,62,64
680,13705,-132,-130,62,64
681,13706,-130,-128,62,64
682,13707,-128,-126,62,64
683,13708,-126,-124,62,64
684,13709,-124,-122,62,64
685,13710,-122,-120,62,64
686,13711,-120,-118,62,64
687,13712,-118,-116,62,64
688,13713,-116,-114,62,64
689,13714,-114,-112,62,64
690,13715,-112,-110,62,64
691,13716,-110,-108,62,64
692,13717,-108,-106,62,64
693,13718,-106,-104,62,64
694,13719,-104,-102,62,64
695,13720,-102,-100,62,64
696,13721,-100,-98,62,64
697,13722,-98,-96,62,64
698,13723,-96,-94,62,64
699,13724,-94,-92,62,64
700,13725,-92,-90,62,64
701,13726,-90,-88,62,64
702,13727,-88,-86,62,64
703,13728,-86,-84,62,64
704,13729,-84,-82,62,64
705,13730,-82,-80,62,64
706,13731,-80,-78,62,64
707,13732,-78,-76,62,64
708,13733,-76,-74,62,64
709,13734,-74,-72,62,64
710,13735,-72,-70,62,64
711,13736,-70,-68,62,64
712,13737,-68,-66,62,64
713,13738,-66,-64,62,64
714,13739,-64,-62,62,64
715,13866,-170,-168,64,66
716,13867,-168,-166,64,66
717,13868,-166,-164,64,66
718,13869,-164,-162,64,66
719,13870,-162,-160,64,66
720,13871,-160,-158,64,66
721,13872,-158,-156,64,66
722,13873,-156,-154,64,66
723,13874,-154,-152,64,66
724,13875,-152,-150,64,66
725,13876,-150,-148,64,66
726,13877,-148,-146,64,66
727,13878,-146,-144,64,66
728,13879,-144,-142,64,66
729,13880,-142,-140,64,66
730,13881,-140,-138,64,66
731,13882,-138,-136,64,66
732,13883,-136,-134,64,66
733,13884,-134,-132,64,66
734,13885,-132,-130,64,66
735,13886,-130,-128,64,66
736,13887,-128,-126,64,66
737,13888,-126,-124,64,66
738,13889,-124,-122,64,66
739,13890,-122,-120,64,66
740,13891,-120,-118,64,66
741,13892,-118,-116,64,66
742,13893,-116,-114,64,66
743,13894,-114,-112,64,66
744,13895,-112,-110,64,66
745,13896,-110,-108,64,66
746,13897,-108,-106,64,66
747,13898,-106,-104,64,66
748,13899,-104,-102,64,66
749,13900,-102,-100,64,66
750,13901,-100,-98,64,66
751,13902,-98,-96,64,66
752,13903,-96,-94,64,66
753,13904,-94,-92,64,66
754,13905,-92,-90,64,66
755,13906,-90,-88,64,66
756,13907,-88,-86,64,66
757,13908,-86,-84,64,66
758,13909,-84,-82,64,66
759,13910,-82,-80,64,66
760,13911,-80,-78,64,66
761,13912,-78,-76,64,66
762,13913,-76,-74,64,66
763,13914,-74,-72,64,66
764,13915,-72,-70,64,66
765,13916,-70,-68,64,66
766,13917,-68,-66,64,66
767,13918,-66,-64,64,66
768,13919,-64,-62,64,66
769,13920,-62,-60,64,66
770,14047,-168,-166,66,68
771,14048,-166,-164,66,68
772,14049,-164,-162,66,68
773,14050,-162,-160,66,68
774,14051,-160,-158,66,68
775,14052,-158,-156,66,68
776,14053,-156,-154,66,68
777,14054,-154,-152,66,68
778,14055,-152,-150,66,68
779,14056,-150,-148,66,68
780,14057,-148,-146,66,68
781,14058,-146,-144,66,68
782,14059,-144,-142,66,68
783,14060,-142,-140,66,68
784,14061,-140,-138,66,68
785,14062,-138,-136,66,68
786,14063,-136,-134,66,68
787,14064,-134,-132,66,68
788,14065,-132,-130,66,68
789,14066,-130,-128,66,68
790,14067,-128,-126,66,68
791,14068,-126,-124,66,68
792,14069,-124,-122,66,68
793,14070,-122,-120,66,68
794,14071,-120,-118,66,68
795,14072,-118,-116,66,68
796,14073,-116,-114,66,68
797,14074,-114,-112,66,68
798,14075,-112,-110,66,68
799,14076,-110,-108,66,68
800,14077,-108,-106,66,68
801,14078,-106,-104,66,68
802,14079,-104,-102,66,68
803,14080,-102,-100,66,68
804,14081,-100,-98,66,68
805,14082,-98,-96,66,68
806,14083,-96,-94,66,68
807,14084,-94,-92,66,68
808,14085,-92,-90,66,68
809,14086,-90,-88,66,68
810,14087,-88,-86,66,68
811,14088,-86,-84,66,68
812,14089,-84,-82,66,68
813,14090,-82,-80,66,68
814,14092,-78,-76,66,68
815,14093,-76,-74,66,68
816,14094,-74,-72,66,68
817,14095,-72,-70,66,68
818,14096,-70,-68,66,68
819,14097,-68,-66,66,68
820,14098,-66,-64,66,68
821,14099,-64,-62,66,68
822,14100,-62,-60,66,68
823,14227,-168,-166,68,70
824,14228,-166,-164,68,70
825,14229,-164,-162,68,70
826,14230,-162,-160,68,70
827,14231,-160,-158,68,70
828,14232,-158,-156,68,70
829,14233,-156,-154,68,70
830,14234,-154,-152,68,70
831,14235,-152,-150,68,70
832,14236,-150,-148,68,70
833,14237,-148,-146,68,70
834,14238,-146,-144,68,70
835,14239,-144,-142,68,70
836,14240,-142,-140,68,70
837,14241,-140,-138,68,70
838,14242,-138,-136,68,70
839,14243,-136,-134,68,70
840,14244,-134,-132,68,70
841,14245,-132,-130,68,70
842,14246,-130,-128,68,70
843,14247,-128,-126,68,70
844,14248,-126,-124,68,70
845,14249,-124,-122,68,70
846,14250,-122,-120,68,70
847,14251,-120,-118,68,70
848,14252,-118,-116,68,70
849,14253,-116,-114,68,70
850,14254,-114,-112,68,70
851,14255,-112,-110,68,70
852,14256,-110,-108,68,70
853,14257,-108,-106,68,70
854,14258,-106,-104,68,70
855,14259,-104,-102,68,70
856,14260,-102,-100,68,70
857,14261,-100,-98,68,70
858,14262,-98,-96,68,70
859,14263,-96,-94,68,70
860,14264,-94,-92,68,70
861,14265,-92,-90,68,70
862,14266,-90,-88,68,70
863,14267,-88,-86,68,70
864,14268,-86,-84,68,70
865,14269,-84,-82,68,70
866,14270,-82,-80,68,70
867,14271,-80,-78,68,70
868,14272,-78,-76,68,70
869,14273,-76,-74,68,70
870,14274,-74,-72,68,70
871,14275,-72,-70,68,70
872,14276,-70,-68,68,70
873,14277,-68,-66,68,70
874,14278,-66,-64,68,70
875,14409,-164,-162,70,72
876,14410,-162,-160,70,72
877,14411,-160,-158,70,72
878,14412,-158,-156,70,72
879,14413,-156,-154,70,72
880,14414,-154,-152,70,72
881,14415,-152,-150,70,72
882,14416,-150,-148,70,72
883,14417,-148,-146,70,72
884,14418,-146,-144,70,72
885,14419,-144,-142,70,72
886,14422,-138,-136,70,72
887,14425,-132,-130,70,72
888,14426,-130,-128,70,72
889,14427,-128,-126,70,72
890,14428,-126,-124,70,72
891,14429,-124,-122,70,72
892,14430,-122,-120,70,72
893,14431,-120,-118,70,72
894,14432,-118,-116,70,72
895,14433,-116,-114,70,72
896,14434,-114,-112,70,72
897,14435,-112,-110,70,72
898,14436,-110,-108,70,72
899,14437,-108,-106,70,72
900,14438,-106,-104,70,72
901,14439,-104,-102,70,72
902,14440,-102,-100,70,72
903,14441,-100,-98,70,72
904,14442,-98,-96,70,72
905,14443,-96,-94,70,72
906,14444,-94,-92,70,72
907,14445,-92,-90,70,72
908,14446,-90,-88,70,72
909,14447,-88,-86,70,72
910,14448,-86,-84,70,72
911,14449,-84,-82,70,72
912,14450,-82,-80,70,72
913,14451,-80,-78,70,72
914,14452,-78,-76,70,72
915,14453,-76,-74,70,72
916,14454,-74,-72,70,72
917,14455,-72,-70,70,72
918,14456,-70,-68,70,72
919,14457,-68,-66,70,72
920,14591,-160,-158,72,74
921,14608,-126,-124,72,74
922,14609,-124,-122,72,74
923,14610,-122,-120,72,74
924,14611,-120,-118,72,74
925,14612,-118,-116,72,74
926,14613,-116,-114,72,74
927,14614,-114,-112,72,74
928,14615,-112,-110,72,74
929,14616,-110,-108,72,74
930,14617,-108,-106,72,74
931,14618,-106,-104,72,74
932,14619,-104,-102,72,74
933,14620,-102,-100,72,74
934,14621,-100,-98,72,74
935,14622,-98,-96,72,74
936,14623,-96,-94,72,74
937,14624,-94,-92,72,74
938,14625,-92,-90,72,74
939,14626,-90,-88,72,74
940,14627,-88,-86,72,74
941,14628,-86,-84,72,74
942,14629,-84,-82,72,74
943,14630,-82,-80,72,74
944,14631,-80,-78,72,74
945,14632,-78,-76,72,74
946,14633,-76,-74,72,74
947,14788,-126,-124,74,76
948,14789,-124,-122,74,76
949,14790,-122,-120,74,76
950,14791,-120,-118,74,76
951,14792,-118,-116,74,76
952,14793,-116,-114,74,76
953,14794,-114,-112,74,76
954,14795,-112,-110,74,76
955,14796,-110,-108,74,76
956,14797,-108,-106,74,76
957,14798,-106,-104,74,76
958,14799,-104,-102,74,76
959,14800,-102,-100,74,76
960,14801,-100,-98,74,76
961,14802,-98,-96,74,76
962,14803,-96,-94,74,76
963,14804,-94,-92,74,76
964,14805,-92,-90,74,76
965,14806,-90,-88,74,76
966,14807,-88,-86,74,76
967,14808,-86,-84,74,76
968,14809,-84,-82,74,76
969,14810,-82,-80,74,76
970,14811,-80,-78,74,76
971,14812,-78,-76,74,76
972,14969,-124,-122,76,78
973,14970,-122,-120,76,78
974,14971,-120,-118,76,78
975,14972,-118,-116,76,78
976,14973,-116,-114,76,78
977,14974,-114,-112,76,78
978,14975,-112,-110,76,78
979,14976,-110,-108,76,78
980,14977,-108,-106,76,78
981,14978,-106,-104,76,78
982,14979,-104,-102,76,78
983,14980,-102,-100,76,78
984,14981,-100,-98,76,78
985,14982,-98,-96,76,78
986,14983,-96,-94,76,78
987,14984,-94,-92,76,78
988,14985,-92,-90,76,78
989,14986,-90,-88,76,78
990,14987,-88,-86,76,78
991,14988,-86,-84,76,78
992,14989,-84,-82,76,78
993,14990,-82,-80,76,78
994,14991,-80,-78,76,78
995,14992,-78,-76,76,78
996,14993,-76,-74,76,78
997,15153,-116,-114,78,80
998,15154,-114,-112,78,80
999,15155,-112,-110,78,80
1000,15156,-110,-108,78,80
1001,15158,-106,-104,78,80
1002,15159,-104,-102,78,80
1003,15160,-102,-100,78,80
1004,15161,-100,-98,78,80
1005,15162,-98,-96,78,80
1006,15163,-96,-94,78,80
1007,15164,-94,-92,78,80
1008,15165,-92,-90,78,80
1009,15166,-90,-88,78,80
1010,15167,-88,-86,78,80
1011,15168,-86,-84,78,80
1012,15169,-84,-82,78,80
1013,15170,-82,-80,78,80
1014,15171,-80,-78,78,80
1015,15172,-78,-76,78,80
1016,15173,-76,-74,78,80
1017,15174,-74,-72,78,80
1018,15175,-72,-70,78,80
1019,15339,-104,-102,80,82
1020,15340,-102,-100,80,82
1021,15341,-100,-98,80,82
1022,15342,-98,-96,80,82
1023,15343,-96,-94,80,82
1024,15344,-94,-92,80,82
1025,15345,-92,-90,80,82
1026,15346,-90,-88,80,82
1027,15347,-88,-86,80,82
1028,15348,-86,-84,80,82
1029,15349,-84,-82,80,82
1030,15350,-82,-80,80,82
1031,15351,-80,-78,80,82
1032,15352,-78,-76,80,82
1033,15353,-76,-74,80,82
1034,15354,-74,-72,80,82
1035,15355,-72,-70,80,82
1036,15356,-70,-68,80,82
1037,15357,-68,-66,80,82
1038,15358,-66,-64,80,82
1039,15359,-64,-62,80,82
1040,15526,-90,-88,82,84
1041,15527,-88,-86,82,84
1042,15528,-86,-84,82,84
1043,15529,-84,-82,82,84
1044,15530,-82,-80,82,84
1045,15531,-80,-78,82,84
1046,15532,-78,-76,82,84
1047,15533,-76,-74,82,84
1048,15534,-74,-72,82,84
1049,15535,-72,-70,82,84
1050,15536,-70,-68,82,84
1051,15537,-68,-66,82,84
1052,15538,-66,-64,82,84
1053,15539,-64,-62,82,84
1054,15540,-62,-60,82,84